-----------------DANCE-----------------
P_1.mat: 0.32213380489242555
P_10.mat: 0.31578947368421056
P_2.mat: 0.39393764656133473
P_3.mat: 0.31776556776556775
P_4.mat: 0.3333333333333333
P_5.mat: 0.3333333333333333
P_9.mat: 0.3448275862068966
-----------------WALK-----------------
P_1.mat: 0.47142857142857136
P_10.mat: 0.3206627680311891
P_2.mat: 0.3580952380952381
P_3.mat: 0.478395061728395
P_4.mat: 0.31746031746031744
P_5.mat: 0.3197530864197531
P_9.mat: 0.2888888888888889


P_Dance_accuracy: 0.3373029636824431
P_Dance_std: 0.02498647247914884
P_Walk_accuracy: 0.36495484743605033
P_Walk_std: 0.07201104903726575
