-----------------DANCE-----------------
P_1.mat: 0.5251252578838785
P_10.mat: 0.5
P_2.mat: 0.3698343136124245
P_3.mat: 0.43956043956043955
P_4.mat: 0.4792966042966043
P_5.mat: 0.3832451499118166
P_9.mat: 0.32796934865900385
-----------------WALK-----------------
P_1.mat: 0.40995115995116
P_10.mat: 0.34697855750487333
P_2.mat: 0.49476190476190474
P_3.mat: 0.3824879888098279
P_4.mat: 0.38968253968253963
P_5.mat: 0.2839506172839506
P_9.mat: 0.3444444444444445


P_Dance_accuracy: 0.4321473019891668
P_Dance_std: 0.06830004725446487
P_Walk_accuracy: 0.378893887491243
P_Walk_std: 0.06063808462780906
