-----------------DANCE-----------------
S_1.mat: 0.3888888888888889
S_10.mat: 0.4915151515151515
S_2.mat: 0.49272030651341
S_3.mat: 0.4463675213675214
S_4.mat: 0.3292852624920936
